h =

  8.0357e-003
  5.1358e-004
  9.2400e-002
  6.4162e-003
  1.2587e-002
  1.6734e-001
  1.0133e-003
  1.5739e-002
  6.6815e-001
  9.6946e-001
  9.6198e-001
  9.9750e-001
  5.1287e-005
  3.2533e-006
  9.2400e-002
  6.4162e-003

y =

   0
   0
   0
   0
   0
   0
   0
   0
   1
   1
   1
   1
   0
   0
   0
   0

h =

  8.0357e-003
  5.1357e-004
  9.2399e-002
  6.4162e-003
  1.2587e-002
  1.6734e-001
  1.0133e-003
  1.5740e-002
  6.6815e-001
  9.6946e-001
  9.6198e-001
  9.9750e-001
  5.1287e-005
  3.2533e-006
  9.2399e-002
  6.4162e-003

y =

   0
   0
   0
   0
   0
   0
   0
   0
   1
   1
   1
   1
   0
   0
   0
   0

Iteration    26 | Cost: 1.002636e-001